10.30000019 0.00000000
10.30020046 0.00000000
10.30040073 0.00000000
10.30060101 0.00000000
10.30080128 0.00000000
10.30100155 0.00000000
10.30120182 0.00000000
10.30140209 0.00000000
10.30160236 0.00000000
10.30180264 0.00000000
10.30200291 0.00000000
10.30220318 0.00000000
10.30240345 0.00000000
10.30260372 0.00000000
10.30280399 0.00000000
10.30300426 0.00000000
10.30320454 0.00000000
10.30340481 0.00000000
10.30360508 0.00000000
10.30380535 0.00000000
10.30400562 0.00000000
10.30420589 0.00000000
10.30440617 0.00000000
10.30460644 0.00000000
10.30480671 0.00000000
10.30500698 0.00000000
10.30520725 0.00000000
10.30540752 0.00000000
10.30560780 0.00000000
10.30580807 0.00000000
10.30600834 0.00000000
10.30620861 0.00000000
10.30640888 0.00000000
10.30660915 0.00000000
10.30680943 0.00000000
10.30700970 0.00000000
10.30720997 0.00000000
10.30741024 0.00000000
10.30761051 0.00000000
10.30781078 0.00000000
10.30801105 0.00000000
10.30821133 0.00000000
10.30841160 0.00000000
10.30861187 0.00000000
10.30881214 0.00000000
10.30901241 0.00000000
10.30921268 0.00000000
10.30941296 0.00000000
10.30961323 0.00000000
10.30981350 0.00000000
10.31001377 0.00000000
10.31021404 0.00000000
10.31041431 0.00000000
10.31061459 0.00000000
10.31081486 0.00000000
10.31101513 0.00000000
10.31121540 0.00000000
10.31141567 0.00000000
10.31161594 0.00000000
10.31181622 0.00000000
10.31201649 0.00000000
10.31221676 0.00000000
10.31241703 0.00000000
10.31261730 0.00000000
10.31281757 0.00000000
10.31301785 0.00000000
10.31321812 0.00000000
10.31341839 0.00000000
10.31361866 0.00000000
10.31381893 0.00000000
10.31401920 0.00000000
10.31421947 0.00000000
10.31441975 0.00000000
10.31462002 0.00000000
10.31482029 0.00000000
10.31502056 0.00000000
10.31522083 0.00000000
10.31542110 0.00000000
10.31562138 0.00000000
10.31582165 0.00000000
10.31602192 0.00000000
10.31622219 0.00000000
10.31642246 0.00000000
10.31662273 0.00000000
10.31682301 0.00000000
10.31702328 0.00000000
10.31722355 0.00000000
10.31742382 0.00000000
10.31762409 0.00000000
10.31782436 0.00000000
10.31802464 0.00000000
10.31822491 0.00000000
10.31842518 0.00000000
10.31862545 0.00000000
10.31882572 0.00000000
10.31902599 0.00000000
10.31922626 0.00000000
10.31942654 0.00000000
10.31962681 0.00000000
10.31982708 0.00000000
10.32002735 0.00000000
10.32022762 0.00000000
10.32042789 0.00000000
10.32062817 0.00000000
10.32082844 0.00000000
10.32102871 0.00000000
10.32122898 0.00000000
10.32142925 0.00000000
10.32162952 0.00000000
10.32182980 0.00000000
10.32203007 0.00000000
10.32223034 0.00000000
10.32243061 0.00000000
10.32263088 0.00000000
10.32283115 0.00000000
10.32303143 0.00000000
10.32323170 0.00000000
10.32343197 0.00000000
10.32363224 0.00000000
10.32383251 0.00000000
10.32403278 0.00000000
10.32423306 0.00000000
10.32443333 0.00000000
10.32463360 0.00000000
10.32483387 0.00000000
10.32503414 0.00000000
10.32523441 0.00000000
10.32543468 0.00000000
10.32563496 0.00000000
10.32583523 0.00000000
10.32603550 0.00000000
10.32623577 0.00000000
10.32643604 0.00000000
10.32663631 0.00000000
10.32683659 0.00000000
10.32703686 0.00000000
10.32723713 0.00000000
10.32743740 0.00000000
10.32763767 0.00000000
10.32783794 0.00000000
10.32803822 0.00000000
10.32823849 0.00000000
10.32843876 0.00000000
10.32863903 0.00000000
10.32883930 0.00000000
10.32903957 0.00000000
10.32923985 0.00000000
10.32944012 0.00000000
10.32964039 0.00000000
10.32984066 0.00000000
10.33004093 0.00000000
10.33024120 0.00000000
10.33044147 0.00000000
10.33064175 0.00000000
10.33084202 0.00000000
10.33104229 0.00000000
10.33124256 0.00000000
10.33144283 0.00000000
10.33164310 0.00000000
10.33184338 0.00000000
10.33204365 0.00000000
10.33224392 0.00000000
10.33244419 0.00000000
10.33264446 0.00000000
10.33284473 0.00000000
10.33304501 0.00000000
10.33324528 0.00000000
10.33344555 0.00000000
10.33364582 0.00000000
10.33384609 0.00000000
10.33404636 0.00000000
10.33424664 0.00000000
10.33444691 0.00000000
10.33464718 0.00000000
10.33484745 0.00000000
10.33504772 0.00000000
10.33524799 0.00000000
10.33544827 0.00000000
10.33564854 0.00000000
10.33584881 0.00000000
10.33604908 0.00000000
10.33624935 0.00000000
10.33644962 0.00000000
10.33664989 0.00000000
10.33685017 0.00000000
10.33705044 0.00000000
10.33725071 0.00000000
10.33745098 0.00000000
10.33765125 0.00000000
10.33785152 0.00000000
10.33805180 0.00000000
10.33825207 0.00000000
10.33845234 0.00000000
10.33865261 0.00000000
10.33885288 0.00000000
10.33905315 0.00000000
10.33925343 0.00000000
10.33945370 0.00000000
10.33965397 0.00000000
10.33985424 0.00000000
10.34005451 0.00000000
10.34025478 0.00000000
10.34045506 0.00000000
10.34065533 0.00000000
10.34085560 0.00000000
10.34105587 0.00000000
10.34125614 0.00000000
10.34145641 0.00000000
10.34165668 0.00000000
10.34185696 0.00000000
10.34205723 0.00000000
10.34225750 0.00000000
10.34245777 0.00000000
10.34265804 0.00000000
10.34285831 0.00000000
10.34305859 0.00000000
10.34325886 0.00000000
10.34345913 0.00000000
10.34365940 0.00000000
10.34385967 0.00000000
10.34405994 0.00000000
10.34426022 0.00000000
10.34446049 0.00000000
10.34466076 0.00000000
10.34486103 0.00000000
10.34506130 0.00000000
10.34526157 0.00000000
10.34546185 0.00000000
10.34566212 0.00000000
10.34586239 0.00000000
10.34606266 0.00000000
10.34626293 0.00000000
10.34646320 0.00000000
10.34666348 0.00000000
10.34686375 0.00000000
10.34706402 0.00000000
10.34726429 0.00000000
10.34746456 0.00000000
10.34766483 0.00000000
10.34786510 0.00000000
10.34806538 0.00000000
10.34826565 0.00000000
10.34846592 0.00000000
10.34866619 0.00000000
10.34886646 0.00000000
10.34906673 0.00000000
10.34926701 0.00000000
10.34946728 0.00000000
10.34966755 0.00000000
10.34986782 0.00000000
10.35006809 0.00000000
10.35026836 0.00000000
10.35046864 0.00000000
10.35066891 0.00000000
10.35086918 0.00000000
10.35106945 0.00000000
10.35126972 0.00000000
10.35146999 0.00000000
10.35167027 0.00000000
10.35187054 0.00000000
10.35207081 0.00000000
10.35227108 0.00000000
10.35247135 0.00000000
10.35267162 0.00000000
10.35287189 0.00000000
10.35307217 0.00000000
10.35327244 0.00000000
10.35347271 0.00000000
10.35367298 0.00000000
10.35387325 0.00000000
10.35407352 0.00000000
10.35427380 0.00000000
10.35447407 0.00000000
10.35467434 0.00000000
10.35487461 0.00000000
10.35507488 0.00000000
10.35527515 0.00000000
10.35547543 0.00000000
10.35567570 0.00000000
10.35587597 0.00000000
10.35607624 0.00000000
10.35627651 0.00000000
10.35647678 0.00000000
10.35667706 0.00000000
10.35687733 0.00000000
10.35707760 0.00000000
10.35727787 0.00000000
10.35747814 0.00000000
10.35767841 0.00000000
10.35787868 0.00000000
10.35807896 0.00000000
10.35827923 0.00000000
10.35847950 0.00000000
10.35867977 0.00000000
10.35888004 0.00000000
10.35908031 0.00000000
10.35928059 0.00000000
10.35948086 0.00000000
10.35968113 0.00000000
10.35988140 0.00000000
10.36008167 0.00000000
10.36028194 0.00000000
10.36048222 0.00000000
10.36068249 0.00000000
10.36088276 0.00000000
10.36108303 0.00000000
10.36128330 0.00000000
10.36148357 0.00000000
10.36168385 0.00000000
10.36188412 0.00000000
10.36208439 0.00000000
10.36228466 0.00000000
10.36248493 0.00000000
10.36268520 0.00000000
10.36288548 0.00000000
10.36308575 0.00000000
10.36328602 0.00000000
10.36348629 0.00000000
10.36368656 0.00000000
10.36388683 0.00000000
10.36408710 0.00000000
10.36428738 0.00000000
10.36448765 0.00000000
10.36468792 0.00000000
10.36488819 0.00000000
10.36508846 0.00000000
10.36528873 0.00000000
10.36548901 0.00000000
10.36568928 0.00000000
10.36588955 0.00000000
10.36608982 0.00000000
10.36629009 0.00000000
10.36649036 0.00000000
10.36669064 0.00000000
10.36689091 0.00000000
10.36709118 0.00000000
10.36729145 0.00000000
10.36749172 0.00000000
10.36769199 0.00000000
10.36789227 0.00000000
10.36809254 0.00000000
10.36829281 0.00000000
10.36849308 0.00000000
10.36869335 0.00000000
10.36889362 0.00000000
10.36909389 0.00000000
10.36929417 0.00000000
10.36949444 0.00000000
10.36969471 0.00000000
10.36989498 0.00000000
10.37009525 0.00000000
10.37029552 0.00000000
10.37049580 0.00000000
10.37069607 0.00000000
10.37089634 0.00000000
10.37109661 0.00000000
10.37129688 0.00000000
10.37149715 0.00000000
10.37169743 0.00000000
10.37189770 0.00000000
10.37209797 0.00000000
10.37229824 0.00000000
10.37249851 0.00000000
10.37269878 0.00000000
10.37289906 0.00000000
10.37309933 0.00000000
10.37329960 0.00000000
10.37349987 0.00000000
10.37370014 0.00000000
10.37390041 0.00000000
10.37410069 0.00000000
10.37430096 0.00000000
10.37450123 0.00000000
10.37470150 0.00000000
10.37490177 0.00000000
10.37510204 0.00000000
10.37530231 0.00000000
10.37550259 0.00000000
10.37570286 0.00000000
10.37590313 0.00000000
10.37610340 0.00000000
10.37630367 0.00000000
10.37650394 0.00000000
10.37670422 0.00000000
10.37690449 0.00000000
10.37710476 0.00000000
10.37730503 0.00000000
10.37750530 0.00000000
10.37770557 0.00000000
10.37790585 0.00000000
10.37810612 0.00000000
10.37830639 0.00000000
10.37850666 0.00000000
10.37870693 0.00000000
10.37890720 0.00000000
10.37910748 0.00000000
10.37930775 0.00000000
10.37950802 0.00000000
10.37970829 0.00000000
10.37990856 0.00000000
10.38010883 0.00000000
10.38030910 0.00000000
10.38050938 0.00000000
10.38070965 0.00000000
10.38090992 0.00000000
10.38111019 0.00000000
10.38131046 0.00000000
10.38151073 0.00000000
10.38171101 0.00000000
10.38191128 0.00000000
10.38211155 0.00000000
10.38231182 0.00000000
10.38251209 0.00000000
10.38271236 0.00000000
10.38291264 0.00000000
10.38311291 0.00000000
10.38331318 0.00000000
10.38351345 0.00000000
10.38371372 0.00000000
10.38391399 0.00000000
10.38411427 0.00000000
10.38431454 0.00000000
10.38451481 0.00000000
10.38471508 0.00000000
10.38491535 0.00000000
10.38511562 0.00000000
10.38531590 0.00000000
10.38551617 0.00000000
10.38571644 0.00000000
10.38591671 0.00000000
10.38611698 0.00000000
10.38631725 0.00000000
10.38651752 0.00000000
10.38671780 0.00000000
10.38691807 0.00000000
10.38711834 0.00000000
10.38731861 0.00000000
10.38751888 0.00000000
10.38771915 0.00000000
10.38791943 0.00000000
10.38811970 0.00000000
10.38831997 0.00000000
10.38852024 0.00000000
10.38872051 0.00000000
10.38892078 0.00000000
10.38912106 0.00000000
10.38932133 0.00000000
10.38952160 0.00000000
10.38972187 0.00000000
10.38992214 0.00000000
10.39012241 0.00000000
10.39032269 0.00000000
10.39052296 0.00000000
10.39072323 0.00000000
10.39092350 0.00000000
10.39112377 0.00000000
10.39132404 0.00000000
10.39152431 0.00000000
10.39172459 0.00000000
10.39192486 0.00000000
10.39212513 0.00000000
10.39232540 0.00000000
10.39252567 0.00000000
10.39272594 0.00000000
10.39292622 0.00000000
10.39312649 0.00000000
10.39332676 0.00000000
10.39352703 0.00000000
10.39372730 0.00000000
10.39392757 0.00000000
10.39412785 0.00000000
10.39432812 0.00000000
10.39452839 0.00000000
10.39472866 0.00000000
10.39492893 0.00000000
10.39512920 0.00000000
10.39532948 0.00000000
10.39552975 0.00000000
10.39573002 0.00000000
10.39593029 0.00000000
10.39613056 0.00000000
10.39633083 0.00000000
10.39653111 0.00000000
10.39673138 0.00000000
10.39693165 0.00000000
10.39713192 0.00000000
10.39733219 0.00000000
10.39753246 0.00000000
10.39773273 0.00000000
10.39793301 0.00000000
10.39813328 0.00000000
10.39833355 0.00000000
10.39853382 0.00000000
10.39873409 0.00000000
10.39893436 0.00000000
10.39913464 0.00000000
10.39933491 0.00000000
10.39953518 0.00000000
10.39973545 0.00000000
10.39993572 0.00000000
10.40013599 0.00000000
10.40033627 0.00000000
10.40053654 0.00000000
10.40073681 0.00000000
10.40093708 0.00000000
10.40113735 0.00000000
10.40133762 0.00000000
10.40153790 0.00000000
10.40173817 0.00000000
10.40193844 0.00000000
10.40213871 0.00000000
10.40233898 0.00000000
10.40253925 0.00000000
10.40273952 0.00000000
10.40293980 0.00000000
10.40314007 0.00000000
10.40334034 0.00000000
10.40354061 0.00000000
10.40374088 0.00000000
10.40394115 0.00000000
10.40414143 0.00000000
10.40434170 0.00000000
10.40454197 0.00000000
10.40474224 0.00000000
10.40494251 0.00000000
10.40514278 0.00000000
10.40534306 0.00000000
10.40554333 0.00000000
10.40574360 0.00000000
10.40594387 0.00000000
10.40614414 0.00000000
10.40634441 0.00000000
10.40654469 0.00000000
10.40674496 0.00000000
10.40694523 0.00000000
10.40714550 0.00000000
10.40734577 0.00000000
10.40754604 0.00000000
10.40774632 0.00000000
10.40794659 0.00000000
10.40814686 0.00000000
10.40834713 0.00000000
10.40854740 0.00000000
10.40874767 0.00000000
10.40894794 0.00000000
10.40914822 0.00000000
10.40934849 0.00000000
10.40954876 0.00000000
10.40974903 0.00000000
10.40994930 0.00000000
10.41014957 0.00000000
10.41034985 0.00000000
10.41055012 0.00000000
10.41075039 0.00000000
10.41095066 0.00000000
10.41115093 0.00000000
10.41135120 0.00000000
10.41155148 0.00000000
10.41175175 0.00000000
10.41195202 0.00000000
10.41215229 0.00000000
10.41235256 0.00000000
10.41255283 0.00000000
10.41275311 0.00000000
10.41295338 0.00000000
10.41315365 0.00000000
10.41335392 0.00000000
10.41355419 0.00000000
10.41375446 0.00000000
10.41395473 0.00000000
10.41415501 0.00000000
10.41435528 0.00000000
10.41455555 0.00000000
10.41475582 0.00000000
10.41495609 0.00000000
10.41515636 0.00000000
10.41535664 0.00000000
10.41555691 0.00000000
10.41575718 0.00000000
10.41595745 0.00000000
10.41615772 0.00000000
10.41635799 0.00000000
10.41655827 0.00000000
10.41675854 0.00000000
10.41695881 0.00000000
10.41715908 0.00000000
10.41735935 0.00000000
10.41755962 0.00000000
10.41775990 0.00000000
10.41796017 0.00000000
10.41816044 0.00000000
10.41836071 0.00000000
10.41856098 0.00000000
10.41876125 0.00000000
10.41896152 0.00000000
10.41916180 0.00000000
10.41936207 0.00000000
10.41956234 0.00000000
10.41976261 0.00000000
10.41996288 0.00000000
10.42016315 0.00000000
10.42036343 0.00000000
10.42056370 0.00000000
10.42076397 0.00000000
10.42096424 0.00000000
10.42116451 0.00000000
10.42136478 0.00000000
10.42156506 0.00000000
10.42176533 0.00000000
10.42196560 0.00000000
10.42216587 0.00000000
10.42236614 0.00000000
10.42256641 0.00000000
10.42276669 0.00000000
10.42296696 0.00000000
10.42316723 0.00000000
10.42336750 0.00000000
10.42356777 0.00000000
10.42376804 0.00000000
10.42396832 0.00000000
10.42416859 0.00000000
10.42436886 0.00000000
10.42456913 0.00000000
10.42476940 0.00000000
10.42496967 0.00000000
10.42516994 0.00000000
10.42537022 0.00000000
10.42557049 0.00000000
10.42577076 0.00000000
10.42597103 0.00000000
10.42617130 0.00000000
10.42637157 0.00000000
10.42657185 0.00000000
10.42677212 0.00000000
10.42697239 0.00000000
10.42717266 0.00000000
10.42737293 0.00000000
10.42757320 0.00000000
10.42777348 0.00000000
10.42797375 0.00000000
10.42817402 0.00000000
10.42837429 0.00000000
10.42857456 0.00000000
10.42877483 0.00000000
10.42897511 0.00000000
10.42917538 0.00000000
10.42937565 0.00000000
10.42957592 0.00000000
10.42977619 0.00000000
10.42997646 0.00000000
10.43017673 0.00000000
10.43037701 0.00000000
10.43057728 0.00000000
10.43077755 0.00000000
10.43097782 0.00000000
10.43117809 0.00000000
10.43137836 0.00000000
10.43157864 0.00000000
10.43177891 0.00000000
10.43197918 0.00000000
10.43217945 0.00000000
10.43237972 0.00000000
10.43257999 0.00000000
10.43278027 0.00000000
10.43298054 0.00000000
10.43318081 0.00000000
10.43338108 0.00000000
10.43358135 0.00000000
10.43378162 0.00000000
10.43398190 0.00000000
10.43418217 0.00000000
10.43438244 0.00000000
10.43458271 0.00000000
10.43478298 0.00000000
10.43498325 0.00000000
10.43518353 0.00000000
10.43538380 0.00000000
10.43558407 0.00000000
10.43578434 0.00000000
10.43598461 0.00000000
10.43618488 0.00000000
10.43638515 0.00000000
10.43658543 0.00000000
10.43678570 0.00000000
10.43698597 0.00000000
10.43718624 0.00000000
10.43738651 0.00000000
10.43758678 0.00000000
10.43778706 0.00000000
10.43798733 0.00000000
10.43818760 0.00000000
10.43838787 0.00000000
10.43858814 0.00000000
10.43878841 0.00000000
10.43898869 0.00000000
10.43918896 0.00000000
10.43938923 0.00000000
10.43958950 0.00000000
10.43978977 0.00000000
10.43999004 0.00000000
10.44019032 0.00000000
10.44039059 0.00000000
10.44059086 0.00000000
10.44079113 0.00000000
10.44099140 0.00000000
10.44119167 0.00000000
10.44139194 0.00000000
10.44159222 0.00000000
10.44179249 0.00000000
10.44199276 0.00000000
10.44219303 0.00000000
10.44239330 0.00000000
10.44259357 0.00000000
10.44279385 0.00000000
10.44299412 0.00000000
10.44319439 0.00000000
10.44339466 0.00000000
10.44359493 0.00000000
10.44379520 0.00000000
10.44399548 0.00000000
10.44419575 0.00000000
10.44439602 0.00000000
10.44459629 0.00000000
10.44479656 0.00000000
10.44499683 0.00000000
10.44519711 0.00000000
10.44539738 0.00000000
10.44559765 0.00000000
10.44579792 0.00000000
10.44599819 0.00000000
10.44619846 0.00000000
10.44639874 0.00000000
10.44659901 0.00000000
10.44679928 0.00000000
10.44699955 0.00000000
10.44719982 0.00000000
10.44740009 0.00000000
10.44760036 0.00000000
10.44780064 0.00000000
10.44800091 0.00000000
10.44820118 0.00000000
10.44840145 0.00000000
10.44860172 0.00000000
10.44880199 0.00000000
10.44900227 0.00000000
10.44920254 0.00000000
10.44940281 0.00000000
10.44960308 0.00000000
10.44980335 0.00000000
10.45000362 0.00000000
10.45020390 0.00000000
10.45040417 0.00000000
10.45060444 0.00000000
10.45080471 0.00000000
10.45100498 0.00000000
10.45120525 0.00000000
10.45140553 0.00000000
10.45160580 0.00000000
10.45180607 0.00000000
10.45200634 0.00000000
10.45220661 0.00000000
10.45240688 0.00000000
10.45260715 0.00000000
10.45280743 0.00000000
10.45300770 0.00000000
10.45320797 0.00000000
10.45340824 0.00000000
10.45360851 0.00000000
10.45380878 0.00000000
10.45400906 0.00000000
10.45420933 0.00000000
10.45440960 0.00000000
10.45460987 0.00000000
10.45481014 0.00000000
10.45501041 0.00000000
10.45521069 0.00000000
10.45541096 0.00000000
10.45561123 0.00000000
10.45581150 0.00000000
10.45601177 0.00000000
10.45621204 0.00000000
10.45641232 0.00000000
10.45661259 0.00000000
10.45681286 0.00000000
10.45701313 0.00000000
10.45721340 0.00000000
10.45741367 0.00000000
10.45761395 0.00000000
10.45781422 0.00000000
10.45801449 0.00000000
10.45821476 0.00000000
10.45841503 0.00000000
10.45861530 0.00000000
10.45881557 0.00000000
10.45901585 0.00000000
10.45921612 0.00000000
10.45941639 0.00000000
10.45961666 0.00000000
10.45981693 0.00000000
10.46001720 0.00000000
10.46021748 0.00000000
10.46041775 0.00000000
10.46061802 0.00000000
10.46081829 0.00000000
10.46101856 0.00000000
10.46121883 0.00000000
10.46141911 0.00000000
10.46161938 0.00000000
10.46181965 0.00000000
10.46201992 0.00000000
10.46222019 0.00000000
10.46242046 0.00000000
10.46262074 0.00000000
10.46282101 0.00000000
10.46302128 0.00000000
10.46322155 0.00000000
10.46342182 0.00000000
10.46362209 0.00000000
10.46382236 0.00000000
10.46402264 0.00000000
10.46422291 0.00000000
10.46442318 0.00000000
10.46462345 0.00000000
10.46482372 0.00000000
10.46502399 0.00000000
10.46522427 0.00000000
10.46542454 0.00000000
10.46562481 0.00000000
10.46582508 0.00000000
10.46602535 0.00000000
10.46622562 0.00000000
10.46642590 0.00000000
10.46662617 0.00000000
10.46682644 0.00000000
10.46702671 0.00000000
10.46722698 0.00000000
10.46742725 0.00000000
10.46762753 0.00000000
10.46782780 0.00000000
10.46802807 0.00000000
10.46822834 0.00000000
10.46842861 0.00000000
10.46862888 0.00000000
10.46882915 0.00000000
10.46902943 0.00000000
10.46922970 0.00000000
10.46942997 0.00000000
10.46963024 0.00000000
10.46983051 0.00000000
10.47003078 0.00000000
10.47023106 0.00000000
10.47043133 0.00000000
10.47063160 0.00000000
10.47083187 0.00000000
10.47103214 0.00000000
10.47123241 0.00000000
10.47143269 0.00000000
10.47163296 0.00000000
10.47183323 0.00000000
10.47203350 0.00000000
10.47223377 0.00000000
10.47243404 0.00000000
10.47263432 0.00000000
10.47283459 0.00000000
10.47303486 0.00000000
10.47323513 0.00000000
10.47343540 0.00000000
10.47363567 0.00000000
10.47383595 0.00000000
10.47403622 0.00000000
10.47423649 0.00000000
10.47443676 0.00000000
10.47463703 0.00000000
10.47483730 0.00000000
10.47503757 0.00000000
10.47523785 0.00000000
10.47543812 0.00000000
10.47563839 0.00000000
10.47583866 0.00000000
10.47603893 0.00000000
10.47623920 0.00000000
10.47643948 0.00000000
10.47663975 0.00000000
10.47684002 0.00000000
10.47704029 0.00000000
10.47724056 0.00000000
10.47744083 0.00000000
10.47764111 0.00000000
10.47784138 0.00000000
10.47804165 0.00000000
10.47824192 0.00000000
10.47844219 0.00000000
10.47864246 0.00000000
10.47884274 0.00000000
10.47904301 0.00000000
10.47924328 0.00000000
10.47944355 0.00000000
10.47964382 0.00000000
10.47984409 0.00000000
10.48004436 0.00000000
10.48024464 0.00000000
10.48044491 0.00000000
10.48064518 0.00000000
10.48084545 0.00000000
10.48104572 0.00000000
10.48124599 0.00000000
10.48144627 0.00000000
10.48164654 0.00000000
10.48184681 0.00000000
10.48204708 0.00000000
10.48224735 0.00000000
10.48244762 0.00000000
10.48264790 0.00000000
10.48284817 0.00000000
10.48304844 0.00000000
10.48324871 0.00000000
10.48344898 0.00000000
10.48364925 0.00000000
10.48384953 0.00000000
10.48404980 0.00000000
10.48425007 0.00000000
10.48445034 0.00000000
10.48465061 0.00000000
10.48485088 0.00000000
10.48505116 0.00000000
10.48525143 0.00000000
10.48545170 0.00000000
10.48565197 0.00000000
10.48585224 0.00000000
10.48605251 0.00000000
10.48625278 0.00000000
10.48645306 0.00000000
10.48665333 0.00000000
10.48685360 0.00000000
10.48705387 0.00000000
10.48725414 0.00000000
10.48745441 0.00000000
10.48765469 0.00000000
10.48785496 0.00000000
10.48805523 0.00000000
10.48825550 0.00000000
10.48845577 0.00000000
10.48865604 0.00000000
10.48885632 0.00000000
10.48905659 0.00000000
10.48925686 0.00000000
10.48945713 0.00000000
10.48965740 0.00000000
10.48985767 0.00000000
10.49005795 0.00000000
10.49025822 0.00000000
10.49045849 0.00000000
10.49065876 0.00000000
10.49085903 0.00000000
10.49105930 0.00000000
10.49125957 0.00000000
10.49145985 0.00000000
10.49166012 0.00000000
10.49186039 0.00000000
10.49206066 0.00000000
10.49226093 0.00000000
10.49246120 0.00000000
10.49266148 0.00000000
10.49286175 0.00000000
10.49306202 0.00000000
10.49326229 0.00000000
10.49346256 0.00000000
10.49366283 0.00000000
10.49386311 0.00000000
10.49406338 0.00000000
10.49426365 0.00000000
10.49446392 0.00000000
10.49466419 0.00000000
10.49486446 0.00000000
10.49506474 0.00000000
10.49526501 0.00000000
10.49546528 0.00000000
10.49566555 0.00000000
10.49586582 0.00000000
10.49606609 0.00000000
10.49626637 0.00000000
10.49646664 0.00000000
10.49666691 0.00000000
10.49686718 0.00000000
10.49706745 0.00000000
10.49726772 0.00000000
10.49746799 0.00000000
10.49766827 0.00000000
10.49786854 0.00000000
10.49806881 0.00000000
10.49826908 0.00000000
10.49846935 0.00000000
10.49866962 0.00000000
10.49886990 0.00000000
10.49907017 0.00000000
10.49927044 0.00000000
10.49947071 0.00000000
10.49967098 0.00000000
10.49987125 0.00000000
10.50007153 0.00000000
10.50027180 0.00000000
10.50047207 0.00000000
10.50067234 0.00000000
10.50087261 0.00000000
10.50107288 0.00000000
10.50127316 0.00000000
10.50147343 0.00000000
10.50167370 0.00000000
10.50187397 0.00000000
10.50207424 0.00000000
10.50227451 0.00000000
10.50247478 0.00000000
10.50267506 0.00000000
10.50287533 0.00000000
10.50307560 0.00000000
10.50327587 0.00000000
10.50347614 0.00000000
10.50367641 0.00000000
10.50387669 0.00000000
10.50407696 0.00000000
10.50427723 0.00000000
10.50447750 0.00000000
10.50467777 0.00000000
10.50487804 0.00000000
10.50507832 0.00000000
10.50527859 0.00000000
10.50547886 0.00000000
10.50567913 0.00000000
10.50587940 0.00000000
10.50607967 0.00000000
10.50627995 0.00000000
10.50648022 0.00000000
10.50668049 0.00000000
10.50688076 0.00000000
10.50708103 0.00000000
10.50728130 0.00000000
10.50748158 0.00000000
10.50768185 0.00000000
10.50788212 0.00000000
10.50808239 0.00000000
10.50828266 0.00000000
10.50848293 0.00000000
10.50868320 0.00000000
10.50888348 0.00000000
10.50908375 0.00000000
10.50928402 0.00000000
10.50948429 0.00000000
10.50968456 0.00000000
10.50988483 0.00000000
10.51008511 0.00000000
10.51028538 0.00000000
10.51048565 0.00000000
10.51068592 0.00000000
10.51088619 0.00000000
10.51108646 0.00000000
10.51128674 0.00000000
10.51148701 0.00000000
10.51168728 0.00000000
10.51188755 0.00000000
10.51208782 0.00000000
10.51228809 0.00000000
10.51248837 0.00000000
10.51268864 0.00000000
10.51288891 0.00000000
10.51308918 0.00000000
10.51328945 0.00000000
10.51348972 0.00000000
10.51368999 0.00000000
10.51389027 0.00000000
10.51409054 0.00000000
10.51429081 0.00000000
10.51449108 0.00000000
10.51469135 0.00000000
10.51489162 0.00000000
10.51509190 0.00000000
10.51529217 0.00000000
10.51549244 0.00000000
10.51569271 0.00000000
10.51589298 0.00000000
10.51609325 0.00000000
10.51629353 0.00000000
10.51649380 0.00000000
10.51669407 0.00000000
10.51689434 0.00000000
10.51709461 0.00000000
10.51729488 0.00000000
10.51749516 0.00000000
10.51769543 0.00000000
10.51789570 0.00000000
10.51809597 0.00000000
10.51829624 0.00000000
10.51849651 0.00000000
10.51869678 0.00000000
10.51889706 0.00000000
10.51909733 0.00000000
10.51929760 0.00000000
10.51949787 0.00000000
10.51969814 0.00000000
10.51989841 0.00000000
10.52009869 0.00000000
10.52029896 0.00000000
10.52049923 0.00000000
10.52069950 0.00000000
10.52089977 0.00000000
10.52110004 0.00000000
10.52130032 0.00000000
10.52150059 0.00000000
10.52170086 0.00000000
10.52190113 0.00000000
10.52210140 0.00000000
10.52230167 0.00000000
10.52250195 0.00000000
10.52270222 0.00000000
10.52290249 0.00000000
10.52310276 0.00000000
10.52330303 0.00000000
10.52350330 0.00000000
10.52370358 0.00000000
10.52390385 0.00000000
10.52410412 0.00000000
10.52430439 0.00000000
10.52450466 0.00000000
10.52470493 0.00000000
10.52490520 0.00000000
10.52510548 0.00000000
10.52530575 0.00000000
10.52550602 0.00000000
10.52570629 0.00000000
10.52590656 0.00000000
10.52610683 0.00000000
10.52630711 0.00000000
10.52650738 0.00000000
10.52670765 0.00000000
10.52690792 0.00000000
10.52710819 0.00000000
10.52730846 0.00000000
10.52750874 0.00000000
10.52770901 0.00000000
10.52790928 0.00000000
10.52810955 0.00000000
10.52830982 0.00000000
10.52851009 0.00000000
10.52871037 0.00000000
10.52891064 0.00000000
10.52911091 0.00000000
10.52931118 0.00000000
10.52951145 0.00000000
10.52971172 0.00000000
10.52991199 0.00000000
10.53011227 0.00000000
10.53031254 0.00000000
10.53051281 0.00000000
10.53071308 0.00000000
10.53091335 0.00000000
10.53111362 0.00000000
10.53131390 0.00000000
10.53151417 0.00000000
10.53171444 0.00000000
10.53191471 0.00000000
10.53211498 0.00000000
10.53231525 0.00000000
10.53251553 0.00000000
10.53271580 0.00000000
10.53291607 0.00000000
10.53311634 0.00000000
10.53331661 0.00000000
10.53351688 0.00000000
10.53371716 0.00000000
10.53391743 0.00000000
10.53411770 0.00000000
10.53431797 0.00000000
10.53451824 0.00000000
10.53471851 0.00000000
10.53491879 0.00000000
10.53511906 0.00000000
10.53531933 0.00000000
10.53551960 0.00000000
10.53571987 0.00000000
10.53592014 0.00000000
10.53612041 0.00000000
10.53632069 0.00000000
10.53652096 0.00000000
10.53672123 0.00000000
10.53692150 0.00000000
10.53712177 0.00000000
10.53732204 0.00000000
10.53752232 0.00000000
10.53772259 0.00000000
10.53792286 0.00000000
10.53812313 0.00000000
10.53832340 0.00000000
10.53852367 0.00000000
10.53872395 0.00000000
10.53892422 0.00000000
10.53912449 0.00000000
10.53932476 0.00000000
10.53952503 0.00000000
10.53972530 0.00000000
10.53992558 0.00000000
10.54012585 0.00000000
10.54032612 0.00000000
10.54052639 0.00000000
10.54072666 0.00000000
10.54092693 0.00000000
10.54112720 0.00000000
10.54132748 0.00000000
10.54152775 0.00000000
10.54172802 0.00000000
10.54192829 0.00000000
10.54212856 0.00000000
10.54232883 0.00000000
10.54252911 0.00000000
10.54272938 0.00000000
10.54292965 0.00000000
10.54312992 0.00000000
10.54333019 0.00000000
10.54353046 0.00000000
10.54373074 0.00000000
10.54393101 0.00000000
10.54413128 0.00000000
10.54433155 0.00000000
10.54453182 0.00000000
10.54473209 0.00000000
10.54493237 0.00000000
10.54513264 0.00000000
10.54533291 0.00000000
10.54553318 0.00000000
10.54573345 0.00000000
10.54593372 0.00000000
10.54613400 0.00000000
10.54633427 0.00000000
10.54653454 0.00000000
10.54673481 0.00000000
10.54693508 0.00000000
10.54713535 0.00000000
10.54733562 0.00000000
10.54753590 0.00000000
10.54773617 0.00000000
10.54793644 0.00000000
10.54813671 0.00000000
10.54833698 0.00000000
10.54853725 0.00000000
10.54873753 0.00000000
10.54893780 0.00000000
10.54913807 0.00000000
10.54933834 0.00000000
10.54953861 0.00000000
10.54973888 0.00000000
10.54993916 0.00000000
10.55013943 0.00000000
10.55033970 0.00000000
10.55053997 0.00000000
10.55074024 0.00000000
10.55094051 0.00000000
10.55114079 0.00000000
10.55134106 0.00000000
10.55154133 0.00000000
10.55174160 0.00000000
10.55194187 0.00000000
10.55214214 0.00000000
10.55234241 0.00000000
10.55254269 0.00000000
10.55274296 0.00000000
10.55294323 0.00000000
10.55314350 0.00000000
10.55334377 0.00000000
10.55354404 0.00000000
10.55374432 0.00000000
10.55394459 0.00000000
10.55414486 0.00000000
10.55434513 0.00000000
10.55454540 0.00000000
10.55474567 0.00000000
10.55494595 0.00000000
10.55514622 0.00000000
10.55534649 0.00000000
10.55554676 0.00000000
10.55574703 0.00000000
10.55594730 0.00000000
10.55614758 0.00000000
10.55634785 0.00000000
10.55654812 0.00000000
10.55674839 0.00000000
10.55694866 0.00000000
10.55714893 0.00000000
10.55734921 0.00000000
10.55754948 0.00000000
10.55774975 0.00000000
10.55795002 0.00000000
10.55815029 0.00000000
10.55835056 0.00000000
10.55855083 0.00000000
10.55875111 0.00000000
10.55895138 0.00000000
10.55915165 0.00000000
10.55935192 0.00000000
10.55955219 0.00000000
10.55975246 0.00000000
10.55995274 0.00000000
10.56015301 0.00000000
10.56035328 0.00000000
10.56055355 0.00000000
10.56075382 0.00000000
10.56095409 0.00000000
10.56115437 0.00000000
10.56135464 0.00000000
10.56155491 0.00000000
10.56175518 0.00000000
10.56195545 0.00000000
10.56215572 0.00000000
10.56235600 0.00000000
10.56255627 0.00000000
10.56275654 0.00000000
10.56295681 0.00000000
10.56315708 0.00000000
10.56335735 0.00000000
10.56355762 0.00000000
10.56375790 0.00000000
10.56395817 0.00000000
10.56415844 0.00000000
10.56435871 0.00000000
10.56455898 0.00000000
10.56475925 0.00000000
10.56495953 0.00000000
10.56515980 0.00000000
10.56536007 0.00000000
10.56556034 0.00000000
10.56576061 0.00000000
10.56596088 0.00000000
10.56616116 0.00000000
10.56636143 0.00000000
10.56656170 0.00000000
10.56676197 0.00000000
10.56696224 0.00000000
10.56716251 0.00000000
10.56736279 0.00000000
10.56756306 0.00000000
10.56776333 0.00000000
10.56796360 0.00000000
10.56816387 0.00000000
10.56836414 0.00000000
10.56856441 0.00000000
10.56876469 0.00000000
10.56896496 0.00000000
10.56916523 0.00000000
10.56936550 0.00000000
10.56956577 0.00000000
10.56976604 0.00000000
10.56996632 0.00000000
10.57016659 0.00000000
10.57036686 0.00000000
10.57056713 0.00000000
10.57076740 0.00000000
10.57096767 0.00000000
10.57116795 0.00000000
10.57136822 0.00000000
10.57156849 0.00000000
10.57176876 0.00000000
10.57196903 0.00000000
10.57216930 0.00000000
10.57236958 0.00000000
10.57256985 0.00000000
10.57277012 0.00000000
10.57297039 0.00000000
10.57317066 0.00000000
10.57337093 0.00000000
10.57357121 0.00000000
10.57377148 0.00000000
10.57397175 0.00000000
10.57417202 0.00000000
10.57437229 0.00000000
10.57457256 0.00000000
10.57477283 0.00000000
10.57497311 0.00000000
10.57517338 0.00000000
10.57537365 0.00000000
10.57557392 0.00000000
10.57577419 0.00000000
10.57597446 0.00000000
10.57617474 0.00000000
10.57637501 0.00000000
10.57657528 0.00000000
10.57677555 0.00000000
10.57697582 0.00000000
10.57717609 0.00000000
10.57737637 0.00000000
10.57757664 0.00000000
10.57777691 0.00000000
10.57797718 0.00000000
10.57817745 0.00000000
10.57837772 0.00000000
10.57857800 0.00000000
10.57877827 0.00000000
10.57897854 0.00000000
10.57917881 0.00000000
10.57937908 0.00000000
10.57957935 0.00000000
10.57977962 0.00000000
10.57997990 0.00000000
10.58018017 0.00000000
10.58038044 0.00000000
10.58058071 0.00000000
10.58078098 0.00000000
10.58098125 0.00000000
10.58118153 0.00000000
10.58138180 0.00000000
10.58158207 0.00000000
10.58178234 0.00000000
10.58198261 0.00000000
10.58218288 0.00000000
10.58238316 0.00000000
10.58258343 0.00000000
10.58278370 0.00000000
10.58298397 0.00000000
10.58318424 0.00000000
10.58338451 0.00000000
10.58358479 0.00000000
10.58378506 0.00000000
10.58398533 0.00000000
10.58418560 0.00000000
10.58438587 0.00000000
10.58458614 0.00000000
10.58478642 0.00000000
10.58498669 0.00000000
10.58518696 0.00000000
10.58538723 0.00000000
10.58558750 0.00000000
10.58578777 0.00000000
10.58598804 0.00000000
10.58618832 0.00000000
10.58638859 0.00000000
10.58658886 0.00000000
10.58678913 0.00000000
10.58698940 0.00000000
10.58718967 0.00000000
10.58738995 0.00000000
10.58759022 0.00000000
10.58779049 0.00000000
10.58799076 0.00000000
10.58819103 0.00000000
10.58839130 0.00000000
10.58859158 0.00000000
10.58879185 0.00000000
10.58899212 0.00000000
10.58919239 0.00000000
10.58939266 0.00000000
10.58959293 0.00000000
10.58979321 0.00000000
10.58999348 0.00000000
10.59019375 0.00000000
10.59039402 0.00000000
10.59059429 0.00000000
10.59079456 0.00000000
10.59099483 0.00000000
10.59119511 0.00000000
10.59139538 0.00000000
10.59159565 0.00000000
10.59179592 0.00000000
10.59199619 0.00000000
10.59219646 0.00000000
10.59239674 0.00000000
10.59259701 0.00000000
10.59279728 0.00000000
10.59299755 0.00000000
10.59319782 0.00000000
10.59339809 0.00000000
10.59359837 0.00000000
10.59379864 0.00000000
10.59399891 0.00000000
10.59419918 0.00000000
10.59439945 0.00000000
10.59459972 0.00000000
10.59480000 0.00000000
10.59500027 0.00000000
10.59520054 0.00000000
10.59540081 0.00000000
10.59560108 0.00000000
10.59580135 0.00000000
10.59600163 0.00000000
10.59620190 0.00000000
10.59640217 0.00000000
10.59660244 0.00000000
10.59680271 0.00000000
10.59700298 0.00000000
10.59720325 0.00000000
10.59740353 0.00000000
10.59760380 0.00000000
10.59780407 0.00000000
10.59800434 0.00000000
10.59820461 0.00000000
10.59840488 0.00000000
10.59860516 0.00000000
10.59880543 0.00000000
10.59900570 0.00000000
10.59920597 0.00000000
10.59940624 0.00000000
10.59960651 0.00000000
10.59980679 0.00000000
10.60000706 0.00000000
10.60020733 0.00000000
10.60040760 0.00000000
10.60060787 0.00000000
10.60080814 0.00000000
10.60100842 0.00000000
10.60120869 0.00000000
10.60140896 0.00000000
10.60160923 0.00000000
10.60180950 0.00000000
10.60200977 0.00000000
10.60221004 0.00000000
10.60241032 0.00000000
10.60261059 0.00000000
10.60281086 0.00000000
10.60301113 0.00000000
10.60321140 0.00000000
10.60341167 0.00000000
10.60361195 0.00000000
10.60381222 0.00000000
10.60401249 0.00000000
10.60421276 0.00000000
10.60441303 0.00000000
10.60461330 0.00000000
10.60481358 0.00000000
10.60501385 0.00000000
10.60521412 0.00000000
10.60541439 0.00000000
10.60561466 0.00000000
10.60581493 0.00000000
10.60601521 0.00000000
10.60621548 0.00000000
10.60641575 0.00000000
10.60661602 0.00000000
10.60681629 0.00000000
10.60701656 0.00000000
10.60721684 0.00000000
10.60741711 0.00000000
10.60761738 0.00000000
10.60781765 0.00000000
10.60801792 0.00000000
10.60821819 0.00000000
10.60841846 0.00000000
10.60861874 0.00000000
10.60881901 0.00000000
10.60901928 0.00000000
10.60921955 0.00000000
10.60941982 0.00000000
10.60962009 0.00000000
10.60982037 0.00000000
10.61002064 0.00000000
10.61022091 0.00000000
10.61042118 0.00000000
10.61062145 0.00000000
10.61082172 0.00000000
10.61102200 0.00000000
10.61122227 0.00000000
10.61142254 0.00000000
10.61162281 0.00000000
10.61182308 0.00000000
10.61202335 0.00000000
10.61222363 0.00000000
10.61242390 0.00000000
10.61262417 0.00000000
10.61282444 0.00000000
10.61302471 0.00000000
10.61322498 0.00000000
10.61342525 0.00000000
10.61362553 0.00000000
10.61382580 0.00000000
10.61402607 0.00000000
10.61422634 0.00000000
10.61442661 0.00000000
10.61462688 0.00000000
10.61482716 0.00000000
10.61502743 0.00000000
10.61522770 0.00000000
10.61542797 0.00000000
10.61562824 0.00000000
10.61582851 0.00000000
10.61602879 0.00000000
10.61622906 0.00000000
10.61642933 0.00000000
10.61662960 0.00000000
10.61682987 0.00000000
10.61703014 0.00000000
10.61723042 0.00000000
10.61743069 0.00000000
10.61763096 0.00000000
10.61783123 0.00000000
10.61803150 0.00000000
10.61823177 0.00000000
10.61843204 0.00000000
10.61863232 0.00000000
10.61883259 0.00000000
10.61903286 0.00000000
10.61923313 0.00000000
10.61943340 0.00000000
10.61963367 0.00000000
10.61983395 0.00000000
10.62003422 0.00000000
10.62023449 0.00000000
10.62043476 0.00000000
10.62063503 0.00000000
10.62083530 0.00000000
10.62103558 0.00000000
10.62123585 0.00000000
10.62143612 0.00000000
10.62163639 0.00000000
10.62183666 0.00000000
10.62203693 0.00000000
10.62223721 0.00000000
10.62243748 0.00000000
10.62263775 0.00000000
10.62283802 0.00000000
10.62303829 0.00000000
10.62323856 0.00000000
10.62343884 0.00000000
10.62363911 0.00000000
10.62383938 0.00000000
10.62403965 0.00000000
10.62423992 0.00000000
10.62444019 0.00000000
10.62464046 0.00000000
10.62484074 0.00000000
10.62504101 0.00000000
10.62524128 0.00000000
10.62544155 0.00000000
10.62564182 0.00000000
10.62584209 0.00000000
10.62604237 0.00000000
10.62624264 0.00000000
10.62644291 0.00000000
10.62664318 0.00000000
10.62684345 0.00000000
10.62704372 0.00000000
10.62724400 0.00000000
10.62744427 0.00000000
10.62764454 0.00000000
10.62784481 0.00000000
10.62804508 0.00000000
10.62824535 0.00000000
10.62844563 0.00000000
10.62864590 0.00000000
10.62884617 0.00000000
10.62904644 0.00000000
10.62924671 0.00000000
10.62944698 0.00000000
10.62964725 0.00000000
10.62984753 0.00000000
10.63004780 0.00000000
10.63024807 0.00000000
10.63044834 0.00000000
10.63064861 0.00000000
10.63084888 0.00000000
10.63104916 0.00000000
10.63124943 0.00000000
10.63144970 0.00000000
10.63164997 0.00000000
10.63185024 0.00000000
10.63205051 0.00000000
10.63225079 0.00000000
10.63245106 0.00000000
10.63265133 0.00000000
10.63285160 0.00000000
10.63305187 0.00000000
10.63325214 0.00000000
10.63345242 0.00000000
10.63365269 0.00000000
10.63385296 0.00000000
10.63405323 0.00000000
10.63425350 0.00000000
10.63445377 0.00000000
10.63465405 0.00000000
10.63485432 0.00000000
10.63505459 0.00000000
10.63525486 0.00000000
10.63545513 0.00000000
10.63565540 0.00000000
10.63585567 0.00000000
10.63605595 0.00000000
10.63625622 0.00000000
10.63645649 0.00000000
10.63665676 0.00000000
10.63685703 0.00000000
10.63705730 0.00000000
10.63725758 0.00000000
10.63745785 0.00000000
10.63765812 0.00000000
10.63785839 0.00000000
10.63805866 0.00000000
10.63825893 0.00000000
10.63845921 0.00000000
10.63865948 0.00000000
10.63885975 0.00000000
10.63906002 0.00000000
10.63926029 0.00000000
10.63946056 0.00000000
10.63966084 0.00000000
10.63986111 0.00000000
10.64006138 0.00000000
10.64026165 0.00000000
10.64046192 0.00000000
10.64066219 0.00000000
10.64086246 0.00000000
10.64106274 0.00000000
10.64126301 0.00000000
10.64146328 0.00000000
10.64166355 0.00000000
10.64186382 0.00000000
10.64206409 0.00000000
10.64226437 0.00000000
10.64246464 0.00000000
10.64266491 0.00000000
10.64286518 0.00000000
10.64306545 0.00000000
10.64326572 0.00000000
10.64346600 0.00000000
10.64366627 0.00000000
10.64386654 0.00000000
10.64406681 0.00000000
10.64426708 0.00000000
10.64446735 0.00000000
10.64466763 0.00000000
10.64486790 0.00000000
10.64506817 0.00000000
10.64526844 0.00000000
10.64546871 0.00000000
10.64566898 0.00000000
10.64586926 0.00000000
10.64606953 0.00000000
10.64626980 0.00000000
10.64647007 0.00000000
10.64667034 0.00000000
10.64687061 0.00000000
10.64707088 0.00000000
10.64727116 0.00000000
10.64747143 0.00000000
10.64767170 0.00000000
10.64787197 0.00000000
10.64807224 0.00000000
10.64827251 0.00000000
10.64847279 0.00000000
10.64867306 0.00000000
10.64887333 0.00000000
10.64907360 0.00000000
10.64927387 0.00000000
10.64947414 0.00000000
10.64967442 0.00000000
10.64987469 0.00000000
10.65007496 0.00000000
10.65027523 0.00000000
10.65047550 0.00000000
10.65067577 0.00000000
10.65087605 0.00000000
10.65107632 0.00000000
10.65127659 0.00000000
10.65147686 0.00000000
10.65167713 0.00000000
10.65187740 0.00000000
10.65207767 0.00000000
10.65227795 0.00000000
10.65247822 0.00000000
10.65267849 0.00000000
10.65287876 0.00000000
10.65307903 0.00000000
10.65327930 0.00000000
10.65347958 0.00000000
10.65367985 0.00000000
10.65388012 0.00000000
10.65408039 0.00000000
10.65428066 0.00000000
10.65448093 0.00000000
10.65468121 0.00000000
10.65488148 0.00000000
10.65508175 0.00000000
10.65528202 0.00000000
10.65548229 0.00000000
10.65568256 0.00000000
10.65588284 0.00000000
10.65608311 0.00000000
10.65628338 0.00000000
10.65648365 0.00000000
10.65668392 0.00000000
10.65688419 0.00000000
10.65708447 0.00000000
10.65728474 0.00000000
10.65748501 0.00000000
10.65768528 0.00000000
10.65788555 0.00000000
10.65808582 0.00000000
10.65828609 0.00000000
10.65848637 0.00000000
10.65868664 0.00000000
10.65888691 0.00000000
10.65908718 0.00000000
10.65928745 0.00000000
10.65948772 0.00000000
10.65968800 0.00000000
10.65988827 0.00000000
10.66008854 0.00000000
10.66028881 0.00000000
10.66048908 0.00000000
10.66068935 0.00000000
10.66088963 0.00000000
10.66108990 0.00000000
10.66129017 0.00000000
10.66149044 0.00000000
10.66169071 0.00000000
10.66189098 0.00000000
10.66209126 0.00000000
10.66229153 0.00000000
10.66249180 0.00000000
10.66269207 0.00000000
10.66289234 0.00000000
10.66309261 0.00000000
10.66329288 0.00000000
10.66349316 0.00000000
10.66369343 0.00000000
10.66389370 0.00000000
10.66409397 0.00000000
10.66429424 0.00000000
10.66449451 0.00000000
10.66469479 0.00000000
10.66489506 0.00000000
10.66509533 0.00000000
10.66529560 0.00000000
10.66549587 0.00000000
10.66569614 0.00000000
10.66589642 0.00000000
10.66609669 0.00000000
10.66629696 0.00000000
10.66649723 0.00000000
10.66669750 0.00000000
10.66689777 0.00000000
10.66709805 0.00000000
10.66729832 0.00000000
10.66749859 0.00000000
10.66769886 0.00000000
10.66789913 0.00000000
10.66809940 0.00000000
10.66829967 0.00000000
10.66849995 0.00000000
10.66870022 0.00000000
10.66890049 0.00000000
10.66910076 0.00000000
10.66930103 0.00000000
10.66950130 0.00000000
10.66970158 0.00000000
10.66990185 0.00000000
10.67010212 0.00000000
10.67030239 0.00000000
10.67050266 0.00000000
10.67070293 0.00000000
10.67090321 0.00000000
10.67110348 0.00000000
10.67130375 0.00000000
10.67150402 0.00000000
10.67170429 0.00000000
10.67190456 0.00000000
10.67210484 0.00000000
10.67230511 0.00000000
10.67250538 0.00000000
10.67270565 0.00000000
10.67290592 0.00000000
10.67310619 0.00000000
10.67330647 0.00000000
10.67350674 0.00000000
10.67370701 0.00000000
10.67390728 0.00000000
10.67410755 0.00000000
10.67430782 0.00000000
10.67450809 0.00000000
10.67470837 0.00000000
10.67490864 0.00000000
10.67510891 0.00000000
10.67530918 0.00000000
10.67550945 0.00000000
10.67570972 0.00000000
10.67591000 0.00000000
10.67611027 0.00000000
10.67631054 0.00000000
10.67651081 0.00000000
10.67671108 0.00000000
10.67691135 0.00000000
10.67711163 0.00000000
10.67731190 0.00000000
10.67751217 0.00000000
10.67771244 0.00000000
10.67791271 0.00000000
10.67811298 0.00000000
10.67831326 0.00000000
10.67851353 0.00000000
10.67871380 0.00000000
10.67891407 0.00000000
10.67911434 0.00000000
10.67931461 0.00000000
10.67951488 0.00000000
10.67971516 0.00000000
10.67991543 0.00000000
10.68011570 0.00000000
10.68031597 0.00000000
10.68051624 0.00000000
10.68071651 0.00000000
10.68091679 0.00000000
10.68111706 0.00000000
10.68131733 0.00000000
10.68151760 0.00000000
10.68171787 0.00000000
10.68191814 0.00000000
10.68211842 0.00000000
10.68231869 0.00000000
10.68251896 0.00000000
10.68271923 0.00000000
10.68291950 0.00000000
10.68311977 0.00000000
10.68332005 0.00000000
10.68352032 0.00000000
10.68372059 0.00000000
10.68392086 0.00000000
10.68412113 0.00000000
10.68432140 0.00000000
10.68452168 0.00000000
10.68472195 0.00000000
10.68492222 0.00000000
10.68512249 0.00000000
10.68532276 0.00000000
10.68552303 0.00000000
10.68572330 0.00000000
10.68592358 0.00000000
10.68612385 0.00000000
10.68632412 0.00000000
10.68652439 0.00000000
10.68672466 0.00000000
10.68692493 0.00000000
10.68712521 0.00000000
10.68732548 0.00000000
10.68752575 0.00000000
10.68772602 0.00000000
10.68792629 0.00000000
10.68812656 0.00000000
10.68832684 0.00000000
10.68852711 0.00000000
10.68872738 0.00000000
10.68892765 0.00000000
10.68912792 0.00000000
10.68932819 0.00000000
10.68952847 0.00000000
10.68972874 0.00000000
10.68992901 0.00000000
10.69012928 0.00000000
10.69032955 0.00000000
10.69052982 0.00000000
10.69073009 0.00000000
10.69093037 0.00000000
10.69113064 0.00000000
10.69133091 0.00000000
10.69153118 0.00000000
10.69173145 0.00000000
10.69193172 0.00000000
10.69213200 0.00000000
10.69233227 0.00000000
10.69253254 0.00000000
10.69273281 0.00000000
10.69293308 0.00000000
10.69313335 0.00000000
10.69333363 0.00000000
10.69353390 0.00000000
10.69373417 0.00000000
10.69393444 0.00000000
10.69413471 0.00000000
10.69433498 0.00000000
10.69453526 0.00000000
10.69473553 0.00000000
10.69493580 0.00000000
10.69513607 0.00000000
10.69533634 0.00000000
10.69553661 0.00000000
10.69573689 0.00000000
10.69593716 0.00000000
10.69613743 0.00000000
10.69633770 0.00000000
10.69653797 0.00000000
10.69673824 0.00000000
10.69693851 0.00000000
10.69713879 0.00000000
10.69733906 0.00000000
10.69753933 0.00000000
10.69773960 0.00000000
10.69793987 0.00000000
10.69814014 0.00000000
10.69834042 0.00000000
10.69854069 0.00000000
10.69874096 0.00000000
10.69894123 0.00000000
10.69914150 0.00000000
10.69934177 0.00000000
10.69954205 0.00000000
10.69974232 0.00000000
10.69994259 0.00000000
10.70014286 0.00000000
10.70034313 0.00000000
10.70054340 0.00000000
10.70074368 0.00000000
10.70094395 0.00000000
10.70114422 0.00000000
10.70134449 0.00000000
10.70154476 0.00000000
10.70174503 0.00000000
10.70194530 0.00000000
10.70214558 0.00000000
10.70234585 0.00000000
10.70254612 0.00000000
10.70274639 0.00000000
10.70294666 0.00000000
10.70314693 0.00000000
10.70334721 0.00000000
10.70354748 0.00000000
10.70374775 0.00000000
10.70394802 0.00000000
10.70414829 0.00000000
10.70434856 0.00000000
10.70454884 0.00000000
10.70474911 0.00000000
10.70494938 0.00000000
10.70514965 0.00000000
10.70534992 0.00000000
10.70555019 0.00000000
10.70575047 0.00000000
10.70595074 0.00000000
10.70615101 0.00000000
10.70635128 0.00000000
10.70655155 0.00000000
10.70675182 0.00000000
10.70695210 0.00000000
10.70715237 0.00000000
10.70735264 0.00000000
10.70755291 0.00000000
10.70775318 0.00000000
10.70795345 0.00000000
10.70815372 0.00000000
10.70835400 0.00000000
10.70855427 0.00000000
10.70875454 0.00000000
10.70895481 0.00000000
10.70915508 0.00000000
10.70935535 0.00000000
10.70955563 0.00000000
10.70975590 0.00000000
10.70995617 0.00000000
10.71015644 0.00000000
10.71035671 0.00000000
10.71055698 0.00000000
10.71075726 0.00000000
10.71095753 0.00000000
10.71115780 0.00000000
10.71135807 0.00000000
10.71155834 0.00000000
10.71175861 0.00000000
10.71195889 0.00000000
10.71215916 0.00000000
10.71235943 0.00000000
10.71255970 0.00000000
10.71275997 0.00000000
10.71296024 0.00000000
10.71316051 0.00000000
10.71336079 0.00000000
10.71356106 0.00000000
10.71376133 0.00000000
10.71396160 0.00000000
10.71416187 0.00000000
10.71436214 0.00000000
10.71456242 0.00000000
10.71476269 0.00000000
10.71496296 0.00000000
10.71516323 0.00000000
10.71536350 0.00000000
10.71556377 0.00000000
10.71576405 0.00000000
10.71596432 0.00000000
10.71616459 0.00000000
10.71636486 0.00000000
10.71656513 0.00000000
10.71676540 0.00000000
10.71696568 0.00000000
10.71716595 0.00000000
10.71736622 0.00000000
10.71756649 0.00000000
10.71776676 0.00000000
10.71796703 0.00000000
10.71816730 0.00000000
10.71836758 0.00000000
10.71856785 0.00000000
10.71876812 0.00000000
10.71896839 0.00000000
10.71916866 0.00000000
10.71936893 0.00000000
10.71956921 0.00000000
10.71976948 0.00000000
10.71996975 0.00000000
10.72017002 0.00000000
10.72037029 0.00000000
10.72057056 0.00000000
10.72077084 0.00000000
10.72097111 0.00000000
10.72117138 0.00000000
10.72137165 0.00000000
10.72157192 0.00000000
10.72177219 0.00000000
10.72197247 0.00000000
10.72217274 0.00000000
10.72237301 0.00000000
10.72257328 0.00000000
10.72277355 0.00000000
10.72297382 0.00000000
10.72317410 0.00000000
10.72337437 0.00000000
10.72357464 0.00000000
10.72377491 0.00000000
10.72397518 0.00000000
10.72417545 0.00000000
10.72437572 0.00000000
10.72457600 0.00000000
10.72477627 0.00000000
10.72497654 0.00000000
10.72517681 0.00000000
10.72537708 0.00000000
10.72557735 0.00000000
10.72577763 0.00000000
10.72597790 0.00000000
10.72617817 0.00000000
10.72637844 0.00000000
10.72657871 0.00000000
10.72677898 0.00000000
10.72697926 0.00000000
10.72717953 0.00000000
10.72737980 0.00000000
10.72758007 0.00000000
10.72778034 0.00000000
10.72798061 0.00000000
10.72818089 0.00000000
10.72838116 0.00000000
10.72858143 0.00000000
10.72878170 0.00000000
10.72898197 0.00000000
10.72918224 0.00000000
10.72938251 0.00000000
10.72958279 0.00000000
10.72978306 0.00000000
10.72998333 0.00000000
10.73018360 0.00000000
10.73038387 0.00000000
10.73058414 0.00000000
10.73078442 0.00000000
10.73098469 0.00000000
10.73118496 0.00000000
10.73138523 0.00000000
10.73158550 0.00000000
10.73178577 0.00000000
10.73198605 0.00000000
10.73218632 0.00000000
10.73238659 0.00000000
10.73258686 0.00000000
10.73278713 0.00000000
10.73298740 0.00000000
10.73318768 0.00000000
10.73338795 0.00000000
10.73358822 0.00000000
10.73378849 0.00000000
10.73398876 0.00000000
10.73418903 0.00000000
10.73438931 0.00000000
10.73458958 0.00000000
10.73478985 0.00000000
10.73499012 0.00000000
10.73519039 0.00000000
10.73539066 0.00000000
10.73559093 0.00000000
10.73579121 0.00000000
10.73599148 0.00000000
10.73619175 0.00000000
10.73639202 0.00000000
10.73659229 0.00000000
10.73679256 0.00000000
10.73699284 0.00000000
10.73719311 0.00000000
10.73739338 0.00000000
10.73759365 0.00000000
10.73779392 0.00000000
10.73799419 0.00000000
10.73819447 0.00000000
10.73839474 0.00000000
10.73859501 0.00000000
10.73879528 0.00000000
10.73899555 0.00000000
10.73919582 0.00000000
10.73939610 0.00000000
10.73959637 0.00000000
10.73979664 0.00000000
10.73999691 0.00000000
10.74019718 0.00000000
10.74039745 0.00000000
10.74059772 0.00000000
10.74079800 0.00000000
10.74099827 0.00000000
10.74119854 0.00000000
10.74139881 0.00000000
10.74159908 0.00000000
10.74179935 0.00000000
10.74199963 0.00000000
10.74219990 0.00000000
10.74240017 0.00000000
10.74260044 0.00000000
10.74280071 0.00000000
10.74300098 0.00000000
10.74320126 0.00000000
10.74340153 0.00000000
10.74360180 0.00000000
10.74380207 0.00000000
10.74400234 0.00000000
10.74420261 0.00000000
10.74440289 0.00000000
10.74460316 0.00000000
10.74480343 0.00000000
10.74500370 0.00000000
10.74520397 0.00000000
10.74540424 0.00000000
10.74560452 0.00000000
10.74580479 0.00000000
10.74600506 0.00000000
10.74620533 0.00000000
10.74640560 0.00000000
10.74660587 0.00000000
10.74680614 0.00000000
10.74700642 0.00000000
10.74720669 0.00000000
10.74740696 0.00000000
10.74760723 0.00000000
10.74780750 0.00000000
10.74800777 0.00000000
10.74820805 0.00000000
10.74840832 0.00000000
10.74860859 0.00000000
10.74880886 0.00000000
10.74900913 0.00000000
10.74920940 0.00000000
10.74940968 0.00000000
10.74960995 0.00000000
10.74981022 0.00000000
10.75001049 0.00000000
10.75021076 0.00000000
10.75041103 0.00000000
10.75061131 0.00000000
10.75081158 0.00000000
10.75101185 0.00000000
10.75121212 0.00000000
10.75141239 0.00000000
10.75161266 0.00000000
10.75181293 0.00000000
10.75201321 0.00000000
10.75221348 0.00000000
10.75241375 0.00000000
10.75261402 0.00000000
10.75281429 0.00000000
10.75301456 0.00000000
10.75321484 0.00000000
10.75341511 0.00000000
10.75361538 0.00000000
10.75381565 0.00000000
10.75401592 0.00000000
10.75421619 0.00000000
10.75441647 0.00000000
10.75461674 0.00000000
10.75481701 0.00000000
10.75501728 0.00000000
10.75521755 0.00000000
10.75541782 0.00000000
10.75561810 0.00000000
10.75581837 0.00000000
10.75601864 0.00000000
10.75621891 0.00000000
10.75641918 0.00000000
10.75661945 0.00000000
10.75681973 0.00000000
10.75702000 0.00000000
10.75722027 0.00000000
10.75742054 0.00000000
10.75762081 0.00000000
10.75782108 0.00000000
10.75802135 0.00000000
10.75822163 0.00000000
10.75842190 0.00000000
10.75862217 0.00000000
10.75882244 0.00000000
10.75902271 0.00000000
10.75922298 0.00000000
10.75942326 0.00000000
10.75962353 0.00000000
10.75982380 0.00000000
10.76002407 0.00000000
10.76022434 0.00000000
10.76042461 0.00000000
10.76062489 0.00000000
10.76082516 0.00000000
10.76102543 0.00000000
10.76122570 0.00000000
10.76142597 0.00000000
10.76162624 0.00000000
10.76182652 0.00000000
10.76202679 0.00000000
10.76222706 0.00000000
10.76242733 0.00000000
10.76262760 0.00000000
10.76282787 0.00000000
10.76302814 0.00000000
10.76322842 0.00000000
10.76342869 0.00000000
10.76362896 0.00000000
10.76382923 0.00000000
10.76402950 0.00000000
10.76422977 0.00000000
10.76443005 0.00000000
10.76463032 0.00000000
10.76483059 0.00000000
10.76503086 0.00000000
10.76523113 0.00000000
10.76543140 0.00000000
10.76563168 0.00000000
10.76583195 0.00000000
10.76603222 0.00000000
10.76623249 0.00000000
10.76643276 0.00000000
10.76663303 0.00000000
10.76683331 0.00000000
10.76703358 0.00000000
10.76723385 0.00000000
10.76743412 0.00000000
10.76763439 0.00000000
10.76783466 0.00000000
10.76803493 0.00000000
10.76823521 0.00000000
10.76843548 0.00000000
10.76863575 0.00000000
10.76883602 0.00000000
10.76903629 0.00000000
10.76923656 0.00000000
10.76943684 0.00000000
10.76963711 0.00000000
10.76983738 0.00000000
10.77003765 0.00000000
10.77023792 0.00000000
10.77043819 0.00000000
10.77063847 0.00000000
10.77083874 0.00000000
10.77103901 0.00000000
10.77123928 0.00000000
10.77143955 0.00000000
10.77163982 0.00000000
10.77184010 0.00000000
10.77204037 0.00000000
10.77224064 0.00000000
10.77244091 0.00000000
10.77264118 0.00000000
10.77284145 0.00000000
10.77304173 0.00000000
10.77324200 0.00000000
10.77344227 0.00000000
10.77364254 0.00000000
10.77384281 0.00000000
10.77404308 0.00000000
10.77424335 0.00000000
10.77444363 0.00000000
10.77464390 0.00000000
10.77484417 0.00000000
10.77504444 0.00000000
10.77524471 0.00000000
10.77544498 0.00000000
10.77564526 0.00000000
10.77584553 0.00000000
10.77604580 0.00000000
10.77624607 0.00000000
10.77644634 0.00000000
10.77664661 0.00000000
10.77684689 0.00000000
10.77704716 0.00000000
10.77724743 0.00000000
10.77744770 0.00000000
10.77764797 0.00000000
10.77784824 0.00000000
10.77804852 0.00000000
10.77824879 0.00000000
10.77844906 0.00000000
10.77864933 0.00000000
10.77884960 0.00000000
10.77904987 0.00000000
10.77925014 0.00000000
10.77945042 0.00000000
10.77965069 0.00000000
10.77985096 0.00000000
10.78005123 0.00000000
10.78025150 0.00000000
10.78045177 0.00000000
10.78065205 0.00000000
10.78085232 0.00000000
10.78105259 0.00000000
10.78125286 0.00000000
10.78145313 0.00000000
10.78165340 0.00000000
10.78185368 0.00000000
10.78205395 0.00000000
10.78225422 0.00000000
10.78245449 0.00000000
10.78265476 0.00000000
10.78285503 0.00000000
10.78305531 0.00000000
10.78325558 0.00000000
10.78345585 0.00000000
10.78365612 0.00000000
10.78385639 0.00000000
10.78405666 0.00000000
10.78425694 0.00000000
10.78445721 0.00000000
10.78465748 0.00000000
10.78485775 0.00000000
10.78505802 0.00000000
10.78525829 0.00000000
10.78545856 0.00000000
10.78565884 0.00000000
10.78585911 0.00000000
10.78605938 0.00000000
10.78625965 0.00000000
10.78645992 0.00000000
10.78666019 0.00000000
10.78686047 0.00000000
10.78706074 0.00000000
10.78726101 0.00000000
10.78746128 0.00000000
10.78766155 0.00000000
10.78786182 0.00000000
10.78806210 0.00000000
10.78826237 0.00000000
10.78846264 0.00000000
10.78866291 0.00000000
10.78886318 0.00000000
10.78906345 0.00000000
10.78926373 0.00000000
10.78946400 0.00000000
10.78966427 0.00000000
10.78986454 0.00000000
10.79006481 0.00000000
10.79026508 0.00000000
10.79046535 0.00000000
10.79066563 0.00000000
10.79086590 0.00000000
10.79106617 0.00000000
10.79126644 0.00000000
10.79146671 0.00000000
10.79166698 0.00000000
10.79186726 0.00000000
10.79206753 0.00000000
10.79226780 0.00000000
10.79246807 0.00000000
10.79266834 0.00000000
10.79286861 0.00000000
10.79306889 0.00000000
10.79326916 0.00000000
10.79346943 0.00000000
10.79366970 0.00000000
10.79386997 0.00000000
10.79407024 0.00000000
10.79427052 0.00000000
10.79447079 0.00000000
10.79467106 0.00000000
10.79487133 0.00000000
10.79507160 0.00000000
10.79527187 0.00000000
10.79547215 0.00000000
10.79567242 0.00000000
10.79587269 0.00000000
10.79607296 0.00000000
10.79627323 0.00000000
10.79647350 0.00000000
10.79667377 0.00000000
10.79687405 0.00000000
10.79707432 0.00000000
10.79727459 0.00000000
10.79747486 0.00000000
10.79767513 0.00000000
10.79787540 0.00000000
10.79807568 0.00000000
10.79827595 0.00000000
10.79847622 0.00000000
10.79867649 0.00000000
10.79887676 0.00000000
10.79907703 0.00000000
10.79927731 0.00000000
10.79947758 0.00000000
10.79967785 0.00000000
10.79987812 0.00000000
10.80007839 0.00000000
10.80027866 0.00000000
10.80047894 0.00000000
10.80067921 0.00000000
10.80087948 0.00000000
10.80107975 0.00000000
10.80128002 0.00000000
10.80148029 0.00000000
10.80168056 0.00000000
10.80188084 0.00000000
10.80208111 0.00000000
10.80228138 0.00000000
10.80248165 0.00000000
10.80268192 0.00000000
10.80288219 0.00000000
10.80308247 0.00000000
10.80328274 0.00000000
10.80348301 0.00000000
10.80368328 0.00000000
10.80388355 0.00000000
10.80408382 0.00000000
10.80428410 0.00000000
10.80448437 0.00000000
10.80468464 0.00000000
10.80488491 0.00000000
10.80508518 0.00000000
10.80528545 0.00000000
10.80548573 0.00000000
10.80568600 0.00000000
10.80588627 0.00000000
10.80608654 0.00000000
10.80628681 0.00000000
10.80648708 0.00000000
10.80668736 0.00000000
10.80688763 0.00000000
10.80708790 0.00000000
10.80728817 0.00000000
10.80748844 0.00000000
10.80768871 0.00000000
10.80788898 0.00000000
10.80808926 0.00000000
10.80828953 0.00000000
10.80848980 0.00000000
10.80869007 0.00000000
10.80889034 0.00000000
10.80909061 0.00000000
10.80929089 0.00000000
10.80949116 0.00000000
10.80969143 0.00000000
10.80989170 0.00000000
10.81009197 0.00000000
10.81029224 0.00000000
10.81049252 0.00000000
10.81069279 0.00000000
10.81089306 0.00000000
10.81109333 0.00000000
10.81129360 0.00000000
10.81149387 0.00000000
10.81169415 0.00000000
10.81189442 0.00000000
10.81209469 0.00000000
10.81229496 0.00000000
10.81249523 0.00000000
10.81269550 0.00000000
10.81289577 0.00000000
10.81309605 0.00000000
10.81329632 0.00000000
10.81349659 0.00000000
10.81369686 0.00000000
10.81389713 0.00000000
10.81409740 0.00000000
10.81429768 0.00000000
10.81449795 0.00000000
10.81469822 0.00000000
10.81489849 0.00000000
10.81509876 0.00000000
10.81529903 0.00000000
10.81549931 0.00000000
10.81569958 0.00000000
10.81589985 0.00000000
10.81610012 0.00000000
10.81630039 0.00000000
10.81650066 0.00000000
10.81670094 0.00000000
10.81690121 0.00000000
10.81710148 0.00000000
10.81730175 0.00000000
10.81750202 0.00000000
10.81770229 0.00000000
10.81790257 0.00000000
10.81810284 0.00000000
10.81830311 0.00000000
10.81850338 0.00000000
10.81870365 0.00000000
10.81890392 0.00000000
10.81910419 0.00000000
10.81930447 0.00000000
10.81950474 0.00000000
10.81970501 0.00000000
10.81990528 0.00000000
10.82010555 0.00000000
10.82030582 0.00000000
10.82050610 0.00000000
10.82070637 0.00000000
10.82090664 0.00000000
10.82110691 0.00000000
10.82130718 0.00000000
10.82150745 0.00000000
10.82170773 0.00000000
10.82190800 0.00000000
10.82210827 0.00000000
10.82230854 0.00000000
10.82250881 0.00000000
10.82270908 0.00000000
10.82290936 0.00000000
10.82310963 0.00000000
10.82330990 0.00000000
10.82351017 0.00000000
10.82371044 0.00000000
10.82391071 0.00000000
10.82411098 0.00000000
10.82431126 0.00000000
10.82451153 0.00000000
10.82471180 0.00000000
10.82491207 0.00000000
10.82511234 0.00000000
10.82531261 0.00000000
10.82551289 0.00000000
10.82571316 0.00000000
10.82591343 0.00000000
10.82611370 0.00000000
10.82631397 0.00000000
10.82651424 0.00000000
10.82671452 0.00000000
10.82691479 0.00000000
10.82711506 0.00000000
10.82731533 0.00000000
10.82751560 0.00000000
10.82771587 0.00000000
10.82791615 0.00000000
10.82811642 0.00000000
10.82831669 0.00000000
10.82851696 0.00000000
10.82871723 0.00000000
10.82891750 0.00000000
10.82911777 0.00000000
10.82931805 0.00000000
10.82951832 0.00000000
10.82971859 0.00000000
10.82991886 0.00000000
10.83011913 0.00000000
10.83031940 0.00000000
10.83051968 0.00000000
10.83071995 0.00000000
10.83092022 0.00000000
10.83112049 0.00000000
10.83132076 0.00000000
10.83152103 0.00000000
10.83172131 0.00000000
10.83192158 0.00000000
10.83212185 0.00000000
10.83232212 0.00000000
10.83252239 0.00000000
10.83272266 0.00000000
10.83292294 0.00000000
10.83312321 0.00000000
10.83332348 0.00000000
10.83352375 0.00000000
10.83372402 0.00000000
10.83392429 0.00000000
10.83412457 0.00000000
10.83432484 0.00000000
10.83452511 0.00000000
10.83472538 0.00000000
10.83492565 0.00000000
10.83512592 0.00000000
10.83532619 0.00000000
10.83552647 0.00000000
10.83572674 0.00000000
10.83592701 0.00000000
10.83612728 0.00000000
10.83632755 0.00000000
10.83652782 0.00000000
10.83672810 0.00000000
10.83692837 0.00000000
10.83712864 0.00000000
10.83732891 0.00000000
10.83752918 0.00000000
10.83772945 0.00000000
10.83792973 0.00000000
10.83813000 0.00000000
10.83833027 0.00000000
10.83853054 0.00000000
10.83873081 0.00000000
10.83893108 0.00000000
10.83913136 0.00000000
10.83933163 0.00000000
10.83953190 0.00000000
10.83973217 0.00000000
10.83993244 0.00000000
10.84013271 0.00000000
10.84033298 0.00000000
10.84053326 0.00000000
10.84073353 0.00000000
10.84093380 0.00000000
10.84113407 0.00000000
10.84133434 0.00000000
10.84153461 0.00000000
10.84173489 0.00000000
10.84193516 0.00000000
10.84213543 0.00000000
10.84233570 0.00000000
10.84253597 0.00000000
10.84273624 0.00000000
10.84293652 0.00000000
10.84313679 0.00000000
10.84333706 0.00000000
10.84353733 0.00000000
10.84373760 0.00000000
10.84393787 0.00000000
10.84413815 0.00000000
10.84433842 0.00000000
10.84453869 0.00000000
10.84473896 0.00000000
10.84493923 0.00000000
10.84513950 0.00000000
10.84533978 0.00000000
10.84554005 0.00000000
10.84574032 0.00000000
10.84594059 0.00000000
10.84614086 0.00000000
10.84634113 0.00000000
10.84654140 0.00000000
10.84674168 0.00000000
10.84694195 0.00000000
10.84714222 0.00000000
10.84734249 0.00000000
10.84754276 0.00000000
10.84774303 0.00000000
10.84794331 0.00000000
10.84814358 0.00000000
10.84834385 0.00000000
10.84854412 0.00000000
10.84874439 0.00000000
10.84894466 0.00000000
10.84914494 0.00000000
10.84934521 0.00000000
10.84954548 0.00000000
10.84974575 0.00000000
10.84994602 0.00000000
10.85014629 0.00000000
10.85034657 0.00000000
10.85054684 0.00000000
10.85074711 0.00000000
10.85094738 0.00000000
10.85114765 0.00000000
10.85134792 0.00000000
10.85154819 0.00000000
10.85174847 0.00000000
10.85194874 0.00000000
10.85214901 0.00000000
10.85234928 0.00000000
10.85254955 0.00000000
10.85274982 0.00000000
10.85295010 0.00000000
10.85315037 0.00000000
10.85335064 0.00000000
10.85355091 0.00000000
10.85375118 0.00000000
10.85395145 0.00000000
10.85415173 0.00000000
10.85435200 0.00000000
10.85455227 0.00000000
10.85475254 0.00000000
10.85495281 0.00000000
10.85515308 0.00000000
10.85535336 0.00000000
10.85555363 0.00000000
10.85575390 0.00000000
10.85595417 0.00000000
10.85615444 0.00000000
10.85635471 0.00000000
10.85655499 0.00000000
10.85675526 0.00000000
10.85695553 0.00000000
10.85715580 0.00000000
10.85735607 0.00000000
10.85755634 0.00000000
10.85775661 0.00000000
10.85795689 0.00000000
10.85815716 0.00000000
10.85835743 0.00000000
10.85855770 0.00000000
10.85875797 0.00000000
10.85895824 0.00000000
10.85915852 0.00000000
10.85935879 0.00000000
10.85955906 0.00000000
10.85975933 0.00000000
10.85995960 0.00000000
10.86015987 0.00000000
10.86036015 0.00000000
10.86056042 0.00000000
10.86076069 0.00000000
10.86096096 0.00000000
10.86116123 0.00000000
10.86136150 0.00000000
10.86156178 0.00000000
10.86176205 0.00000000
10.86196232 0.00000000
10.86216259 0.00000000
10.86236286 0.00000000
10.86256313 0.00000000
10.86276340 0.00000000
10.86296368 0.00000000
10.86316395 0.00000000
10.86336422 0.00000000
10.86356449 0.00000000
10.86376476 0.00000000
10.86396503 0.00000000
10.86416531 0.00000000
10.86436558 0.00000000
10.86456585 0.00000000
10.86476612 0.00000000
10.86496639 0.00000000
10.86516666 0.00000000
10.86536694 0.00000000
10.86556721 0.00000000
10.86576748 0.00000000
10.86596775 0.00000000
10.86616802 0.00000000
10.86636829 0.00000000
10.86656857 0.00000000
10.86676884 0.00000000
10.86696911 0.00000000
10.86716938 0.00000000
10.86736965 0.00000000
10.86756992 0.00000000
10.86777020 0.00000000
10.86797047 0.00000000
10.86817074 0.00000000
10.86837101 0.00000000
10.86857128 0.00000000
10.86877155 0.00000000
10.86897182 0.00000000
10.86917210 0.00000000
10.86937237 0.00000000
10.86957264 0.00000000
10.86977291 0.00000000
10.86997318 0.00000000
10.87017345 0.00000000
10.87037373 0.00000000
10.87057400 0.00000000
10.87077427 0.00000000
10.87097454 0.00000000
10.87117481 0.00000000
10.87137508 0.00000000
10.87157536 0.00000000
10.87177563 0.00000000
10.87197590 0.00000000
10.87217617 0.00000000
10.87237644 0.00000000
10.87257671 0.00000000
10.87277699 0.00000000
10.87297726 0.00000000
10.87317753 0.00000000
10.87337780 0.00000000
10.87357807 0.00000000
10.87377834 0.00000000
10.87397861 0.00000000
10.87417889 0.00000000
10.87437916 0.00000000
10.87457943 0.00000000
10.87477970 0.00000000
10.87497997 0.00000000
10.87518024 0.00000000
10.87538052 0.00000000
10.87558079 0.00000000
10.87578106 0.00000000
10.87598133 0.00000000
10.87618160 0.00000000
10.87638187 0.00000000
10.87658215 0.00000000
10.87678242 0.00000000
10.87698269 0.00000000
10.87718296 0.00000000
10.87738323 0.00000000
10.87758350 0.00000000
10.87778378 0.00000000
10.87798405 0.00000000
10.87818432 0.00000000
10.87838459 0.00000000
10.87858486 0.00000000
10.87878513 0.00000000
10.87898540 0.00000000
10.87918568 0.00000000
10.87938595 0.00000000
10.87958622 0.00000000
10.87978649 0.00000000
10.87998676 0.00000000
10.88018703 0.00000000
10.88038731 0.00000000
10.88058758 0.00000000
10.88078785 0.00000000
10.88098812 0.00000000
10.88118839 0.00000000
10.88138866 0.00000000
10.88158894 0.00000000
10.88178921 0.00000000
10.88198948 0.00000000
10.88218975 0.00000000
10.88239002 0.00000000
10.88259029 0.00000000
10.88279057 0.00000000
10.88299084 0.00000000
10.88319111 0.00000000
10.88339138 0.00000000
10.88359165 0.00000000
10.88379192 0.00000000
10.88399220 0.00000000
10.88419247 0.00000000
10.88439274 0.00000000
10.88459301 0.00000000
10.88479328 0.00000000
10.88499355 0.00000000
10.88519382 0.00000000
10.88539410 0.00000000
10.88559437 0.00000000
10.88579464 0.00000000
10.88599491 0.00000000
10.88619518 0.00000000
10.88639545 0.00000000
10.88659573 0.00000000
10.88679600 0.00000000
10.88699627 0.00000000
10.88719654 0.00000000
10.88739681 0.00000000
10.88759708 0.00000000
10.88779736 0.00000000
10.88799763 0.00000000
10.88819790 0.00000000
10.88839817 0.00000000
10.88859844 0.00000000
10.88879871 0.00000000
10.88899899 0.00000000
10.88919926 0.00000000
10.88939953 0.00000000
10.88959980 0.00000000
10.88980007 0.00000000
10.89000034 0.00000000
10.89020061 0.00000000
10.89040089 0.00000000
10.89060116 0.00000000
10.89080143 0.00000000
10.89100170 0.00000000
10.89120197 0.00000000
10.89140224 0.00000000
10.89160252 0.00000000
10.89180279 0.00000000
10.89200306 0.00000000
10.89220333 0.00000000
10.89240360 0.00000000
10.89260387 0.00000000
10.89280415 0.00000000
10.89300442 0.00000000
10.89320469 0.00000000
10.89340496 0.00000000
10.89360523 0.00000000
10.89380550 0.00000000
10.89400578 0.00000000
10.89420605 0.00000000
10.89440632 0.00000000
10.89460659 0.00000000
10.89480686 0.00000000
10.89500713 0.00000000
10.89520741 0.00000000
10.89540768 0.00000000
10.89560795 0.00000000
10.89580822 0.00000000
10.89600849 0.00000000
10.89620876 0.00000000
10.89640903 0.00000000
10.89660931 0.00000000
10.89680958 0.00000000
10.89700985 0.00000000
10.89721012 0.00000000
10.89741039 0.00000000
10.89761066 0.00000000
10.89781094 0.00000000
10.89801121 0.00000000
10.89821148 0.00000000
10.89841175 0.00000000
10.89861202 0.00000000
10.89881229 0.00000000
10.89901257 0.00000000
10.89921284 0.00000000
10.89941311 0.00000000
10.89961338 0.00000000
10.89981365 0.00000000
10.90001392 0.00000000
10.90021420 0.00000000
10.90041447 0.00000000
10.90061474 0.00000000
10.90081501 0.00000000
10.90101528 0.00000000
10.90121555 0.00000000
10.90141582 0.00000000
10.90161610 0.00000000
10.90181637 0.00000000
10.90201664 0.00000000
10.90221691 0.00000000
10.90241718 0.00000000
10.90261745 0.00000000
10.90281773 0.00000000
10.90301800 0.00000000
10.90321827 0.00000000
10.90341854 0.00000000
10.90361881 0.00000000
10.90381908 0.00000000
10.90401936 0.00000000
10.90421963 0.00000000
10.90441990 0.00000000
10.90462017 0.00000000
10.90482044 0.00000000
10.90502071 0.00000000
10.90522099 0.00000000
10.90542126 0.00000000
10.90562153 0.00000000
10.90582180 0.00000000
10.90602207 0.00000000
10.90622234 0.00000000
10.90642262 0.00000000
10.90662289 0.00000000
10.90682316 0.00000000
10.90702343 0.00000000
10.90722370 0.00000000
10.90742397 0.00000000
10.90762424 0.00000000
10.90782452 0.00000000
10.90802479 0.00000000
10.90822506 0.00000000
10.90842533 0.00000000
10.90862560 0.00000000
10.90882587 0.00000000
10.90902615 0.00000000
10.90922642 0.00000000
10.90942669 0.00000000
10.90962696 0.00000000
10.90982723 0.00000000
10.91002750 0.00000000
10.91022778 0.00000000
10.91042805 0.00000000
10.91062832 0.00000000
10.91082859 0.00000000
10.91102886 0.00000000
10.91122913 0.00000000
10.91142941 0.00000000
10.91162968 0.00000000
10.91182995 0.00000000
10.91203022 0.00000000
10.91223049 0.00000000
10.91243076 0.00000000
10.91263103 0.00000000
10.91283131 0.00000000
10.91303158 0.00000000
10.91323185 0.00000000
10.91343212 0.00000000
10.91363239 0.00000000
10.91383266 0.00000000
10.91403294 0.00000000
10.91423321 0.00000000
10.91443348 0.00000000
10.91463375 0.00000000
10.91483402 0.00000000
10.91503429 0.00000000
10.91523457 0.00000000
10.91543484 0.00000000
10.91563511 0.00000000
10.91583538 0.00000000
10.91603565 0.00000000
10.91623592 0.00000000
10.91643620 0.00000000
10.91663647 0.00000000
10.91683674 0.00000000
10.91703701 0.00000000
10.91723728 0.00000000
10.91743755 0.00000000
10.91763783 0.00000000
10.91783810 0.00000000
10.91803837 0.00000000
10.91823864 0.00000000
10.91843891 0.00000000
10.91863918 0.00000000
10.91883945 0.00000000
10.91903973 0.00000000
10.91924000 0.00000000
10.91944027 0.00000000
10.91964054 0.00000000
10.91984081 0.00000000
10.92004108 0.00000000
10.92024136 0.00000000
10.92044163 0.00000000
10.92064190 0.00000000
10.92084217 0.00000000
10.92104244 0.00000000
10.92124271 0.00000000
10.92144299 0.00000000
10.92164326 0.00000000
10.92184353 0.00000000
10.92204380 0.00000000
10.92224407 0.00000000
10.92244434 0.00000000
10.92264462 0.00000000
10.92284489 0.00000000
10.92304516 0.00000000
10.92324543 0.00000000
10.92344570 0.00000000
10.92364597 0.00000000
10.92384624 0.00000000
10.92404652 0.00000000
10.92424679 0.00000000
10.92444706 0.00000000
10.92464733 0.00000000
10.92484760 0.00000000
10.92504787 0.00000000
10.92524815 0.00000000
10.92544842 0.00000000
10.92564869 0.00000000
10.92584896 0.00000000
10.92604923 0.00000000
10.92624950 0.00000000
10.92644978 0.00000000
10.92665005 0.00000000
10.92685032 0.00000000
10.92705059 0.00000000
10.92725086 0.00000000
10.92745113 0.00000000
10.92765141 0.00000000
10.92785168 0.00000000
10.92805195 0.00000000
10.92825222 0.00000000
10.92845249 0.00000000
10.92865276 0.00000000
10.92885303 0.00000000
10.92905331 0.00000000
10.92925358 0.00000000
10.92945385 0.00000000
10.92965412 0.00000000
10.92985439 0.00000000
10.93005466 0.00000000
10.93025494 0.00000000
10.93045521 0.00000000
10.93065548 0.00000000
10.93085575 0.00000000
10.93105602 0.00000000
10.93125629 0.00000000
10.93145657 0.00000000
10.93165684 0.00000000
10.93185711 0.00000000
10.93205738 0.00000000
10.93225765 0.00000000
10.93245792 0.00000000
10.93265820 0.00000000
10.93285847 0.00000000
10.93305874 0.00000000
10.93325901 0.00000000
10.93345928 0.00000000
10.93365955 0.00000000
10.93385983 0.00000000
10.93406010 0.00000000
10.93426037 0.00000000
10.93446064 0.00000000
10.93466091 0.00000000
10.93486118 0.00000000
10.93506145 0.00000000
10.93526173 0.00000000
10.93546200 0.00000000
10.93566227 0.00000000
10.93586254 0.00000000
10.93606281 0.00000000
10.93626308 0.00000000
10.93646336 0.00000000
10.93666363 0.00000000
10.93686390 0.00000000
10.93706417 0.00000000
10.93726444 0.00000000
10.93746471 0.00000000
10.93766499 0.00000000
10.93786526 0.00000000
10.93806553 0.00000000
10.93826580 0.00000000
10.93846607 0.00000000
10.93866634 0.00000000
10.93886662 0.00000000
10.93906689 0.00000000
10.93926716 0.00000000
10.93946743 0.00000000
10.93966770 0.00000000
10.93986797 0.00000000
10.94006824 0.00000000
10.94026852 0.00000000
10.94046879 0.00000000
10.94066906 0.00000000
10.94086933 0.00000000
10.94106960 0.00000000
10.94126987 0.00000000
10.94147015 0.00000000
10.94167042 0.00000000
10.94187069 0.00000000
10.94207096 0.00000000
10.94227123 0.00000000
10.94247150 0.00000000
10.94267178 0.00000000
10.94287205 0.00000000
10.94307232 0.00000000
10.94327259 0.00000000
10.94347286 0.00000000
10.94367313 0.00000000
10.94387341 0.00000000
10.94407368 0.00000000
10.94427395 0.00000000
10.94447422 0.00000000
10.94467449 0.00000000
10.94487476 0.00000000
10.94507504 0.00000000
10.94527531 0.00000000
10.94547558 0.00000000
10.94567585 0.00000000
10.94587612 0.00000000
10.94607639 0.00000000
10.94627666 0.00000000
10.94647694 0.00000000
10.94667721 0.00000000
10.94687748 0.00000000
10.94707775 0.00000000
10.94727802 0.00000000
10.94747829 0.00000000
10.94767857 0.00000000
10.94787884 0.00000000
10.94807911 0.00000000
10.94827938 0.00000000
10.94847965 0.00000000
10.94867992 0.00000000
10.94888020 0.00000000
10.94908047 0.00000000
10.94928074 0.00000000
10.94948101 0.00000000
10.94968128 0.00000000
10.94988155 0.00000000
10.95008183 0.00000000
10.95028210 0.00000000
10.95048237 0.00000000
10.95068264 0.00000000
10.95088291 0.00000000
10.95108318 0.00000000
10.95128345 0.00000000
10.95148373 0.00000000
10.95168400 0.00000000
10.95188427 0.00000000
10.95208454 0.00000000
10.95228481 0.00000000
10.95248508 0.00000000
10.95268536 0.00000000
10.95288563 0.00000000
10.95308590 0.00000000
10.95328617 0.00000000
10.95348644 0.00000000
10.95368671 0.00000000
10.95388699 0.00000000
10.95408726 0.00000000
10.95428753 0.00000000
10.95448780 0.00000000
10.95468807 0.00000000
10.95488834 0.00000000
10.95508862 0.00000000
10.95528889 0.00000000
10.95548916 0.00000000
10.95568943 0.00000000
10.95588970 0.00000000
10.95608997 0.00000000
10.95629025 0.00000000
10.95649052 0.00000000
10.95669079 0.00000000
10.95689106 0.00000000
10.95709133 0.00000000
10.95729160 0.00000000
10.95749187 0.00000000
10.95769215 0.00000000
10.95789242 0.00000000
10.95809269 0.00000000
10.95829296 0.00000000
10.95849323 0.00000000
10.95869350 0.00000000
10.95889378 0.00000000
10.95909405 0.00000000
10.95929432 0.00000000
10.95949459 0.00000000
10.95969486 0.00000000
10.95989513 0.00000000
10.96009541 0.00000000
10.96029568 0.00000000
10.96049595 0.00000000
10.96069622 0.00000000
10.96089649 0.00000000
10.96109676 0.00000000
10.96129704 0.00000000
10.96149731 0.00000000
10.96169758 0.00000000
10.96189785 0.00000000
10.96209812 0.00000000
10.96229839 0.00000000
10.96249866 0.00000000
10.96269894 0.00000000
10.96289921 0.00000000
10.96309948 0.00000000
10.96329975 0.00000000
10.96350002 0.00000000
10.96370029 0.00000000
10.96390057 0.00000000
10.96410084 0.00000000
10.96430111 0.00000000
10.96450138 0.00000000
10.96470165 0.00000000
10.96490192 0.00000000
10.96510220 0.00000000
10.96530247 0.00000000
10.96550274 0.00000000
10.96570301 0.00000000
10.96590328 0.00000000
10.96610355 0.00000000
10.96630383 0.00000000
10.96650410 0.00000000
10.96670437 0.00000000
10.96690464 0.00000000
10.96710491 0.00000000
10.96730518 0.00000000
10.96750546 0.00000000
10.96770573 0.00000000
10.96790600 0.00000000
10.96810627 0.00000000
10.96830654 0.00000000
10.96850681 0.00000000
10.96870708 0.00000000
10.96890736 0.00000000
10.96910763 0.00000000
10.96930790 0.00000000
10.96950817 0.00000000
10.96970844 0.00000000
10.96990871 0.00000000
10.97010899 0.00000000
10.97030926 0.00000000
10.97050953 0.00000000
10.97070980 0.00000000
10.97091007 0.00000000
10.97111034 0.00000000
10.97131062 0.00000000
10.97151089 0.00000000
10.97171116 0.00000000
10.97191143 0.00000000
10.97211170 0.00000000
10.97231197 0.00000000
10.97251225 0.00000000
10.97271252 0.00000000
10.97291279 0.00000000
10.97311306 0.00000000
10.97331333 0.00000000
10.97351360 0.00000000
10.97371387 0.00000000
10.97391415 0.00000000
10.97411442 0.00000000
10.97431469 0.00000000
10.97451496 0.00000000
10.97471523 0.00000000
10.97491550 0.00000000
10.97511578 0.00000000
10.97531605 0.00000000
10.97551632 0.00000000
10.97571659 0.00000000
10.97591686 0.00000000
10.97611713 0.00000000
10.97631741 0.00000000
10.97651768 0.00000000
10.97671795 0.00000000
10.97691822 0.00000000
10.97711849 0.00000000
10.97731876 0.00000000
10.97751904 0.00000000
10.97771931 0.00000000
10.97791958 0.00000000
10.97811985 0.00000000
10.97832012 0.00000000
10.97852039 0.00000000
10.97872066 0.00000000
10.97892094 0.00000000
10.97912121 0.00000000
10.97932148 0.00000000
10.97952175 0.00000000
10.97972202 0.00000000
10.97992229 0.00000000
10.98012257 0.00000000
10.98032284 0.00000000
10.98052311 0.00000000
10.98072338 0.00000000
10.98092365 0.00000000
10.98112392 0.00000000
10.98132420 0.00000000
10.98152447 0.00000000
10.98172474 0.00000000
10.98192501 0.00000000
10.98212528 0.00000000
10.98232555 0.00000000
10.98252583 0.00000000
10.98272610 0.00000000
10.98292637 0.00000000
10.98312664 0.00000000
10.98332691 0.00000000
10.98352718 0.00000000
10.98372746 0.00000000
10.98392773 0.00000000
10.98412800 0.00000000
10.98432827 0.00000000
10.98452854 0.00000000
10.98472881 0.00000000
10.98492908 0.00000000
10.98512936 0.00000000
10.98532963 0.00000000
10.98552990 0.00000000
10.98573017 0.00000000
10.98593044 0.00000000
10.98613071 0.00000000
10.98633099 0.00000000
10.98653126 0.00000000
10.98673153 0.00000000
10.98693180 0.00000000
10.98713207 0.00000000
10.98733234 0.00000000
10.98753262 0.00000000
10.98773289 0.00000000
10.98793316 0.00000000
10.98813343 0.00000000
10.98833370 0.00000000
10.98853397 0.00000000
10.98873425 0.00000000
10.98893452 0.00000000
10.98913479 0.00000000
10.98933506 0.00000000
10.98953533 0.00000000
10.98973560 0.00000000
10.98993587 0.00000000
10.99013615 0.00000000
10.99033642 0.00000000
10.99053669 0.00000000
10.99073696 0.00000000
10.99093723 0.00000000
10.99113750 0.00000000
10.99133778 0.00000000
10.99153805 0.00000000
10.99173832 0.00000000
10.99193859 0.00000000
10.99213886 0.00000000
10.99233913 0.00000000
10.99253941 0.00000000
10.99273968 0.00000000
10.99293995 0.00000000
10.99314022 0.00000000
10.99334049 0.00000000
10.99354076 0.00000000
10.99374104 0.00000000
10.99394131 0.00000000
10.99414158 0.00000000
10.99434185 0.00000000
10.99454212 0.00000000
10.99474239 0.00000000
10.99494267 0.00000000
10.99514294 0.00000000
10.99534321 0.00000000
10.99554348 0.00000000
10.99574375 0.00000000
10.99594402 0.00000000
10.99614429 0.00000000
10.99634457 0.00000000
10.99654484 0.00000000
10.99674511 0.00000000
10.99694538 0.00000000
10.99714565 0.00000000
10.99734592 0.00000000
10.99754620 0.00000000
10.99774647 0.00000000
10.99794674 0.00000000
10.99814701 0.00000000
10.99834728 0.00000000
10.99854755 0.00000000
10.99874783 0.00000000
10.99894810 0.00000000
10.99914837 0.00000000
10.99934864 0.00000000
10.99954891 0.00000000
10.99974918 0.00000000
10.99994946 0.00000000
11.00014973 0.00000000
11.00035000 0.00000000
11.00055027 0.00000000
11.00075054 0.00000000
